1000
1 2549 3065
2 4032 340
3 3356 4930
4 3562 297
5 2506 3897
6 4748 754
7 292 828
8 3493 1202
9 3239 2305
10 2071 1314
11 1446 4245
12 1255 2651
13 1521 1537
14 884 2962
15 4414 1159
16 3456 4241
17 76 1882
18 4313 4639
19 4827 2467
20 994 3066
21 4850 672
22 544 2617
23 3636 4279
24 2568 782
25 1975 1066
26 1618 4447
27 2976 4318
28 4390 1221
29 4646 857
30 25 1604
31 3282 338
32 3792 4608
33 1847 105
34 312 1961
35 4799 4886
36 891 1031
37 2699 1301
38 4416 2898
39 2602 3621
40 3640 3485
41 3498 4513
42 2204 2569
43 2284 2189
44 4098 3215
45 1608 543
46 4725 1686
47 1549 1398
48 4276 2760
49 4316 4788
50 2068 2808
51 2926 2223
52 3877 2691
53 2868 3633
54 1229 1097
55 3595 2726
56 184 3288
57 4411 2185
58 4222 262
59 95 2544
60 4622 89
61 4880 2225
62 144 968
63 1876 1884
64 523 4883
65 2679 4226
66 1493 1124
67 4697 3719
68 4083 2589
69 2748 1239
70 4935 483
71 3414 3047
72 4514 796
73 415 935
74 4859 4320
75 450 1808
76 3275 4584
77 4389 1471
78 3693 98
79 896 3017
80 2638 1078
81 2966 1756
82 4934 4218
83 1652 4707
84 1747 835
85 1495 1227
86 1133 1855
87 3480 4711
88 4073 3847
89 2344 4733
90 1213 2296
91 2174 4343
92 1501 3467
93 3691 3332
94 4811 2133
95 1194 1008
96 2497 102
97 3744 4001
98 3678 3691
99 1574 3973
100 3995 3341
101 474 2985
102 495 1619
103 4226 2520
104 3843 3542
105 2691 4127
106 4173 4265
107 3177 412
108 4435 2105
109 4706 1969
110 4346 38
111 3226 422
112 3534 1297
113 2353 345
114 4417 4564
115 1275 1575
116 4338 3086
117 4878 3641
118 560 1660
119 1648 2445
120 1187 2797
121 2988 3691
122 1364 4272
123 1648 457
124 1813 4789
125 4341 2697
126 2241 4068
127 1068 4275
128 1545 167
129 3065 4092
130 1679 2831
131 865 201
132 3746 2613
133 286 4371
134 3203 1652
135 2556 3798
136 2888 1739
137 4685 288
138 4397 716
139 1685 2542
140 3869 2304
141 2996 2128
142 1844 4620
143 3426 1228
144 2716 727
145 1819 2100
146 4905 404
147 4997 2531
148 1584 2578
149 685 3484
150 2518 1061
151 635 1892
152 2497 2080
153 3964 3505
154 4243 1307
155 4872 4041
156 3171 1645
157 3251 1849
158 2923 1875
159 2449 4666
160 2042 2882
161 1491 4716
162 4329 4245
163 7 3013
164 890 2265
165 1160 2677
166 3984 3583
167 2164 2969
168 4700 4766
169 2907 2775
170 2710 2520
171 3718 89
172 1930 1549
173 357 1267
174 3797 2606
175 4732 4831
176 4096 3316
177 2480 777
178 3738 2764
179 1108 3173
180 1356 4067
181 3487 278
182 1701 2200
183 1226 1523
184 4704 3446
185 3617 202
186 3658 1433
187 4405 3166
188 4371 857
189 2330 2541
190 3029 3234
191 414 2256
192 3160 1176
193 3456 2532
194 2459 3482
195 689 2440
196 633 3338
197 1123 33
198 4790 1660
199 3186 232
200 3201 3766
201 2162 226
202 4598 338
203 170 1955
204 4456 1180
205 799 1468
206 533 4667
207 2780 3228
208 1401 4261
209 1200 313
210 886 1801
211 4797 350
212 4988 2405
213 1098 1544
214 862 558
215 3603 4876
216 3160 1896
217 1385 4657
218 4606 2568
219 4978 3695
220 458 1467
221 4695 1085
222 2896 3735
223 2469 2251
224 4862 3887
225 17 3145
226 2676 1796
227 147 4336
228 970 3719
229 2529 4609
230 3408 3938
231 3187 2641
232 2101 1764
233 2568 2890
234 3057 1729
235 1402 1341
236 2696 3697
237 4712 1792
238 395 4113
239 4678 2301
240 4902 611
241 3567 3481
242 3153 4483
243 1019 4876
244 3081 1477
245 2638 1262
246 462 3647
247 1214 1981
248 1609 1958
249 4901 2042
250 4017 3777
251 3848 171
252 3180 2619
253 2604 2462
254 860 2602
255 2014 4808
256 800 3133
257 4322 4766
258 2544 3354
259 530 373
260 4026 2846
261 1905 647
262 4890 1353
263 546 2879
264 4140 3767
265 4216 4797
266 4048 3187
267 58 1505
268 1691 1162
269 2040 789
270 111 2842
271 3190 4512
272 4357 2909
273 3345 1785
274 1841 2255
275 4926 1243
276 4558 1711
277 838 3578
278 4836 3996
279 3260 4945
280 1173 3577
281 488 736
282 4666 372
283 3000 4968
284 3798 4290
285 2048 4240
286 4395 4442
287 1550 4027
288 981 1960
289 3647 659
290 1038 1213
291 1547 4998
292 2646 3878
293 3433 4578
294 647 2177
295 2800 1189
296 1479 3209
297 321 1822
298 4769 1881
299 1697 4419
300 239 3035
301 4109 1315
302 2369 1005
303 3636 1579
304 3079 3038
305 2469 337
306 2540 2306
307 2450 4284
308 2517 4934
309 2936 3149
310 932 2622
311 4198 3043
312 2407 2995
313 1273 1982
314 2828 2871
315 4221 1901
316 4252 4698
317 3667 198
318 666 3418
319 919 4564
320 611 928
321 2100 1174
322 580 1840
323 1842 2309
324 3976 3248
325 1602 1236
326 4067 4188
327 3494 1041
328 1936 4158
329 4981 111
330 2170 3768
331 467 67
332 4057 3834
333 3960 185
334 2808 4220
335 2095 1644
336 4023 3686
337 2401 669
338 456 188
339 815 3626
340 4997 1106
341 4421 2377
342 4693 1806
343 4303 2020
344 1137 1416
345 14 813
346 1611 2161
347 2596 2786
348 4128 3598
349 1378 2453
350 4615 79
351 639 2018
352 414 2043
353 3203 1175
354 2769 1354
355 270 4200
356 2460 3304
357 2217 776
358 845 314
359 69 1121
360 2035 4239
361 4133 2314
362 2365 2380
363 2233 3882
364 2694 1466
365 1833 768
366 3608 3113
367 4246 3681
368 4427 278
369 4479 1453
370 416 2
371 1760 530
372 2242 191
373 4055 3734
374 2190 4098
375 4651 4335
376 4764 92
377 2473 34
378 4828 4320
379 3339 1885
380 1278 3361
381 3563 1349
382 4826 2415
383 1943 3838
384 417 3819
385 4194 3475
386 295 186
387 3580 162
388 392 3522
389 1542 819
390 4989 3182
391 1318 4573
392 165 1290
393 1127 1516
394 1198 3299
395 784 4641
396 3557 1823
397 4862 4570
398 4310 729
399 494 2580
400 1736 4588
401 3613 3527
402 3788 679
403 4313 1952
404 3870 217
405 4349 4687
406 4866 4259
407 12 4849
408 4251 971
409 39 85
410 2864 1052
411 1095 2042
412 1140 3436
413 4800 2968
414 2968 2572
415 1275 4375
416 1919 3628
417 1861 1319
418 3352 1561
419 4804 3792
420 1017 1819
421 465 2067
422 3803 3737
423 2986 1065
424 4443 1848
425 899 4260
426 1906 1206
427 1631 4464
428 2886 648
429 4638 2999
430 2244 3157
431 3513 2055
432 1523 2291
433 2416 558
434 2133 2758
435 3221 1338
436 4213 1993
437 936 1497
438 3941 918
439 2094 4609
440 3749 4577
441 777 648
442 3454 1383
443 2064 4610
444 3867 383
445 4995 3901
446 4388 3849
447 2054 1210
448 2104 3666
449 22 2138
450 1625 4131
451 3957 2119
452 3788 4764
453 2796 926
454 934 680
455 1116 2398
456 3966 1932
457 1512 2228
458 855 4688
459 2921 111
460 4458 4424
461 4706 819
462 1314 132
463 3728 1039
464 2145 2141
465 2868 2124
466 3379 202
467 1332 2964
468 3266 492
469 1200 2332
470 3747 3297
471 3810 3022
472 3523 3957
473 4042 3248
474 1430 4926
475 1528 313
476 2354 4230
477 765 4455
478 4582 1563
479 2717 1917
480 777 4927
481 2605 1546
482 4429 2812
483 46 4701
484 959 795
485 1060 2289
486 752 4843
487 1519 2605
488 1706 974
489 4859 1761
490 3536 1012
491 4721 3799
492 2956 3909
493 2036 3568
494 4563 758
495 4520 4652
496 1912 709
497 1864 1898
498 1423 3587
499 4696 97
500 410 4999
501 4518 3303
502 3473 1221
503 4997 3874
504 302 1991
505 1363 3398
506 1969 4418
507 4260 4899
508 4193 1028
509 703 474
510 1102 3863
511 2216 3631
512 3801 199
513 4878 1421
514 3941 4
515 3237 2128
516 3251 3519
517 1248 821
518 1373 1286
519 1461 1480
520 2515 205
521 3940 4754
522 4066 2786
523 1860 149
524 263 3398
525 1991 2952
526 3394 2697
527 648 481
528 424 403
529 180 1563
530 3190 679
531 2570 4485
532 3207 4171
533 1915 4614
534 803 983
535 3577 848
536 2945 3059
537 1568 3139
538 70 2649
539 3336 2354
540 1202 1070
541 3142 436
542 962 4871
543 4151 1558
544 2575 1581
545 3399 2764
546 1974 3463
547 2206 2084
548 3339 1055
549 1567 2802
550 4281 1836
551 3151 357
552 910 1406
553 820 2055
554 1264 4995
555 3526 2712
556 1055 2252
557 772 2043
558 4935 3235
559 4422 78
560 2975 3637
561 4317 2341
562 710 3747
563 3314 423
564 2900 3398
565 3566 3415
566 3986 3008
567 1915 537
568 3773 3014
569 2647 4069
570 2150 3166
571 4156 4805
572 83 1839
573 3942 1289
574 2374 4996
575 3214 3761
576 1790 1871
577 1722 2984
578 2639 4073
579 816 1238
580 1952 859
581 4059 473
582 1102 647
583 857 2812
584 2080 910
585 3769 2675
586 3032 354
587 4101 3447
588 4684 3998
589 299 2734
590 46 2458
591 430 2819
592 1972 375
593 3837 3449
594 3382 533
595 3862 4980
596 4365 3608
597 2730 2565
598 4262 130
599 2480 977
600 1641 3069
601 645 1628
602 1875 445
603 4417 644
604 4128 2492
605 1810 3930
606 973 653
607 4648 632
608 719 3546
609 4308 1023
610 3118 4545
611 841 2217
612 47 2541
613 614 791
614 1959 3236
615 2082 1034
616 4332 109
617 3570 3293
618 803 1293
619 1502 684
620 3865 2141
621 2628 3672
622 2859 2837
623 3948 1891
624 627 3428
625 2379 2079
626 315 3764
627 2058 139
628 4119 2077
629 643 1949
630 3495 2923
631 3691 524
632 2152 3192
633 3952 2785
634 2244 2268
635 2439 4640
636 1026 1246
637 1284 4527
638 2298 1572
639 4492 2551
640 4545 2846
641 3905 157
642 4009 4537
643 4432 1012
644 1144 316
645 4450 4517
646 4874 942
647 4206 3866
648 4966 4249
649 796 4026
650 1006 1573
651 669 24
652 3715 2333
653 2234 2080
654 2998 116
655 1939 1446
656 1275 2755
657 4306 1674
658 269 2968
659 321 597
660 3570 1446
661 4855 3694
662 4352 2624
663 3715 1061
664 1531 2917
665 2569 4141
666 4859 369
667 4438 1834
668 768 2473
669 586 397
670 401 3163
671 536 2352
672 4447 3825
673 3917 2328
674 3004 3625
675 4332 220
676 1405 403
677 1486 3543
678 2746 3618
679 223 4205
680 914 1788
681 1339 698
682 1260 3960
683 1666 2625
684 2262 1261
685 3643 1879
686 3647 4489
687 2988 1813
688 349 4692
689 1606 2491
690 4934 3494
691 1501 335
692 4259 1897
693 3257 4210
694 1769 4780
695 4061 462
696 3935 891
697 3294 1198
698 50 1475
699 790 2846
700 2368 258
701 2601 3223
702 2528 4433
703 2187 2949
704 4079 2926
705 2278 989
706 262 2311
707 3436 2358
708 4416 2122
709 3243 2921
710 265 611
711 2272 2470
712 3172 2196
713 922 363
714 373 652
715 2011 1486
716 3742 591
717 3000 3808
718 1917 997
719 1578 4821
720 73 4169
721 422 1956
722 4077 3239
723 631 3240
724 613 1760
725 2638 774
726 1992 4513
727 4863 4778
728 211 1922
729 3302 2617
730 398 3624
731 1560 3583
732 2148 3971
733 2290 609
734 3067 854
735 4855 3893
736 3652 242
737 2492 4805
738 891 133
739 2569 748
740 205 2996
741 1539 89
742 2005 3616
743 1429 176
744 4593 1220
745 2526 2316
746 1524 2312
747 4049 1601
748 3257 4148
749 3654 3260
750 2116 4852
751 3050 400
752 1672 1513
753 265 4097
754 4985 3189
755 2107 623
756 4398 1332
757 4132 3421
758 593 231
759 2636 785
760 4837 2401
761 2290 4566
762 1099 3574
763 2788 3305
764 2388 1634
765 2992 1576
766 3544 1071
767 586 4259
768 2434 4705
769 1913 4141
770 1114 4592
771 4369 2671
772 4384 4554
773 123 3297
774 1630 3986
775 494 3339
776 1906 2484
777 1369 779
778 2440 638
779 4848 2694
780 2475 4615
781 4657 3970
782 3502 974
783 2203 4438
784 4254 1363
785 2282 1434
786 2110 4811
787 2368 2248
788 2979 1314
789 2833 3712
790 3128 956
791 3582 3131
792 1001 2128
793 2409 2945
794 4053 4514
795 985 1616
796 3689 927
797 1739 4361
798 1175 2468
799 1894 3572
800 4749 3308
801 237 769
802 1926 3037
803 1149 2830
804 3539 2790
805 650 1556
806 544 4370
807 478 413
808 606 3884
809 1409 4011
810 467 1844
811 1548 1292
812 913 1449
813 4198 4979
814 2070 335
815 17 4916
816 2752 4270
817 2161 531
818 2516 585
819 3067 1571
820 4021 1100
821 3828 4081
822 4455 2192
823 4818 1034
824 2929 4537
825 1173 3385
826 3633 788
827 4545 3168
828 4331 3218
829 2064 4679
830 1505 3745
831 196 3491
832 1684 365
833 3085 2513
834 2553 3739
835 2552 3077
836 1505 4067
837 1657 943
838 2731 2098
839 1406 666
840 4500 3279
841 1968 4781
842 1021 4177
843 4282 3151
844 1158 3385
845 4580 2843
846 2439 2244
847 1544 3547
848 1621 2378
849 2082 3418
850 3434 4262
851 949 133
852 805 4607
853 3040 1761
854 1096 814
855 4342 628
856 1854 2290
857 4816 1938
858 2841 3847
859 4742 2947
860 1056 1454
861 1985 4384
862 2553 4482
863 3861 1968
864 3918 2370
865 79 1809
866 3487 944
867 3540 3384
868 451 3256
869 636 4798
870 4845 4684
871 1958 4736
872 568 2821
873 37 1371
874 3880 2790
875 2635 4649
876 3761 3966
877 2008 437
878 1114 3173
879 33 3111
880 1289 134
881 3978 3576
882 2372 699
883 3175 485
884 4304 3944
885 1033 3702
886 1195 4693
887 2656 240
888 1060 3812
889 2693 474
890 3989 3944
891 3446 265
892 4792 974
893 4291 4522
894 630 4424
895 1609 1052
896 4879 958
897 661 1971
898 1124 1770
899 4363 3902
900 1811 2208
901 4029 1966
902 1299 4838
903 1970 1392
904 2010 1666
905 2780 4001
906 3994 149
907 4608 4714
908 4986 2753
909 2448 2398
910 1881 2837
911 2212 1860
912 922 2959
913 2272 2033
914 1397 4811
915 2518 2409
916 2542 1352
917 457 4774
918 808 735
919 2639 887
920 2948 2831
921 3195 2439
922 4582 754
923 1828 4941
924 3163 3464
925 343 1833
926 148 1579
927 3885 4085
928 471 3400
929 308 588
930 660 3656
931 2339 2931
932 4104 3866
933 4759 1421
934 3015 1886
935 792 4999
936 669 756
937 1290 3950
938 1551 3291
939 3357 2249
940 4491 2366
941 3291 2500
942 3389 2128
943 4066 762
944 3081 2453
945 3163 4567
946 17 3872
947 874 2853
948 2848 1637
949 1457 5
950 4223 4209
951 1630 4433
952 2635 2701
953 3935 3937
954 2215 1532
955 4203 1975
956 4436 2601
957 1814 92
958 4523 2183
959 3909 142
960 1931 2934
961 2205 3500
962 963 103
963 4852 4347
964 4647 1596
965 4384 1451
966 4323 2078
967 1679 3533
968 4700 605
969 3101 3132
970 4161 3150
971 3174 2125
972 1700 2445
973 153 2588
974 607 1857
975 3640 3276
976 186 395
977 2432 4751
978 1146 2033
979 1516 3034
980 1548 826
981 1401 2222
982 2777 4519
983 710 558
984 3193 2799
985 4491 3982
986 4764 1276
987 1224 3560
988 472 2137
989 1327 2638
990 4683 1101
991 1948 982
992 3783 262
993 3214 4889
994 3588 1399
995 1514 1629
996 2499 4585
997 4650 2559
998 3366 2299
999 365 1859
1000 2774 3477
